1.0269150458515481 -0.35370263347889197
-0.845314422651451 0.5666616568681083
0.2012082316802215 1.0556551480480783
0.8281923932374395 -0.48168162501542183
0.985755166860982 0.2502947724714326
0.6850689682030451 -0.45984937044421664
-0.20911557751877474 0.8819262339954002
0.1157471247438711 0.09542495622027511
0.044004364103808084 0.6648161502691116
-1.0456789471151995 -0.010825189834643034
1.7547567053504467 0.13814063461289677
-0.37953438952117147 0.8035675166097505
-1.0811853491311987 -0.10689279262555815
-0.6082571287975219 0.7851836222543225
-0.8204883901466987 0.2461656605934508
-0.10797780988310779 0.9306575588838248
-0.22570505035460164 0.5392084146419073
0.16846759541089654 -0.16929022118672313
-0.21062944861250033 0.9318341995650564
0.6506868157880018 0.6313986124685806
1.4190923112118703 -0.39253419227042646
-1.0490753775346895 0.3070043274610252
0.40716743175289855 0.6658203939255212
0.9283958201483802 0.28475298341593946
1.481995088401765 -0.20711905460794341
0.3823819752156097 0.7902204492729016
-0.3345550337339145 0.915513082037015
0.5114619387049802 -0.3143493799854105
0.2922255889131376 -0.13375689464282703
0.5856578088312505 0.9390835638263184
1.8078425855595759 0.012308867905795258
0.16108640369065938 0.011515375394082442
0.4516229879075439 0.9689132604509088
1.6006331855680564 -0.2526177462127381
1.6849546023309792 -0.2287726313213206
-0.7685201639246724 0.45121773693072975
0.7691304324362956 0.6871344275701324
-0.0009412778108399411 0.19213873092107564
-0.8534228795544084 0.45523897776985345
0.32930385926376626 0.06073939624158867
1.0438871416531386 -0.4361740297649357
1.1979816269458563 0.060440649417869696
2.096261010973411 0.24333522829401594
-0.4976459636687527 0.7973680758798638
0.9532437977503116 0.3820863407769043
-0.8021494302680442 0.6331013785760347
1.1918078620299761 -0.6884683016104857
2.0741742792571265 0.2706285500940535
1.2455902878293528 -0.26250114742983954
0.9787332218188686 -0.49410492120266253
-0.934785581938092 0.18025131082365928
1.8489721063182023 -0.06830860248916741
-0.5390630000812756 0.6675209211956996
0.06997084442311005 0.21789911102294793
1.3315101579692246 -0.33203677441879653
1.8284580334572123 -0.17961955955376233
0.8298694751312128 -0.3520729359264921
1.9115315515078417 0.3178259523904694
-0.5575486628491025 1.0359807867751574
1.9541198942209876 0.4639600184403015
0.05118874011368516 0.1108838283851859
0.36320163946402007 0.8763867462254916
0.4822062620437799 -0.48518049069745267
0.2632024964527961 -0.20375818404894144
-0.9332368665921057 0.41439686657830244
0.08230086954088131 -0.002966705399032016
0.48828700216503595 -0.08719105055235316
1.5728724729040724 -0.2203764830262003
-0.4737686900996114 0.7449078803396044
0.8493806623085328 0.6295863516947298
0.9458185748860143 -0.31624814048398536
0.3376575634847762 -0.06366119804080822
0.6226440084810012 0.7935420989496603
0.8401867189397605 0.6413899368568113
-0.7464360462592999 0.614692647814528
0.9133917821175498 -0.03351158690589445
2.1431840227383594 0.305780987675239
0.5540205532264337 -0.39022624256234717
0.790177087766273 0.1401575140402413
-1.12837164821525 0.17051045335190315
0.9051102707324612 -0.5042934795955301
0.37399212832108364 -0.3101644051676524
0.942275918331585 0.45234259207337324
0.6693277477744424 -0.5254072693836053
1.3043849161233148 -0.31132327414219174
0.7354382563309318 -0.3904175664211629
1.5488812575623259 -0.3018238291483383
-0.3159067254635173 0.7768283129870519
0.7364204282965121 0.14508030286326962
1.0711605570779483 -0.7594983344352472
1.6020617202963725 -0.3918197411405371
-0.04432272351063109 0.9602275521780301
1.9120813690698202 0.4595241711714214
0.8876617112543476 0.10322537199065399
1.0881648738654466 -0.41154504732016695
1.9458765704513785 0.04261131681651306
-0.19086978167510424 1.016696046109381
0.6678298873323345 0.07334330654533094
1.6575472305406427 -0.14739993629879028
0.6291103933591905 0.6288069089241043
0.10707167139973109 0.986073853997261
0.8572657586414182 0.2306357814442487
-0.5889033807323025 0.6843441954032833
1.7697980901325945 0.2925603130169176
0.6876438975385991 -0.4764383833908997
1.0219388501123234 -0.10301598109614699
0.03404341852965276 0.7360438600677338
0.537806162310521 0.9890628709097421
-0.797133266112308 0.6464614691047124
0.06231876651393872 0.5004707582464392
-0.005183188127713595 1.0093216698898497
0.6579440620973213 0.861347145014524
-0.95129258539504 0.014484156410443906
0.24341707153634118 1.038786936930384
1.3450740496624782 -0.38022554503073686
-0.8218288361041375 0.6245538192155743
1.5110313505064408 -0.3013156439859702
-0.8074384768090151 0.3839645292666395
0.4067790715163807 1.0170150769159596
1.81021292909874 0.0722866732242695
0.8132073205026521 0.5359018300580374
1.4200595557365063 -0.28741153568104383
0.9103166974369669 0.7410125086813799
0.2833230999724786 0.9476286866148638
1.83677177772348 -0.17913397964606975
-0.5047702861807574 0.6375363852340545
1.8047484911607399 -0.03724745498779188
0.5656978708324514 -0.4030944198699972
0.09587322325661782 0.32128222335365353
-0.1300883543632539 0.2292320034588038
1.027990949366157 -0.339485404848424
2.0492404103818616 0.35096101511429423
-0.9971686676297994 0.20235488816228014
0.12916840229087173 0.3871014542376461
0.4510031759996037 1.0383865970739778
0.023706083434810198 0.2773576708183992
2.0766147748512345 0.06329553212341436
2.027043617996768 0.19892445718971252
-0.15354429780481663 0.8552663307063003
-0.7158973836611733 0.6590711208540291
0.11537692572465193 -0.0728288970199551
-0.9916370924934135 0.01303612801836157
0.09784535371510916 0.0927122486116602
0.11602387303939923 0.978835012226432
0.6572446624056599 0.6925539896717583
0.8952758090852769 0.2776312806353107
0.7458398510374847 -0.5436064069283318
-0.9542367354319307 0.4378248387961007
1.2758915200137941 -0.5119821593484275
-0.28281229937949026 0.8310160381101203
5.3708682209597445 -0.852010762307385
7.058431407580598 0.24009432502033395
-2.2231079725453444 2.547459971184323
4.423358204296735 1.6778243193100133
-2.3288931136781237 1.261233547035597
4.184281679562116 2.092162895429766
7.355585370414511 -0.025354290996385614
4.656237564802958 0.2408994330541725
-3.3475757871024285 2.3964219024864373
3.9743516051944594 1.9456456867018606
4.230836806098804 2.0345008832985734
5.945770795633832 0.8205583438840282
-1.3448864216734204 2.0249715014497114
6.504978758444182 -0.14967514809656932
-2.1790604443658785 2.35216049637889
6.738174408436633 0.7214279092706467
3.8468595611043828 2.1111573928165748
-2.5026272991860257 1.984116467178688
-2.3778346012279363 1.3842897070977243
-2.347747347340191 2.396925469713355
-1.839933417924207 1.7852211783185468
-2.614323294751326 2.876194389269161
5.210455553693087 -0.27695076288882536
-2.7580327649411975 2.362953695553317
5.918430179593008 0.6821348175616172
4.059346634498823 2.165997231816221
4.072896249848101 2.2942643912284675
4.828917539111039 -0.39593503783769873
6.480338882058598 0.04695610509699681
3.6735153395864035 1.9865731690770956
4.350997230748412 1.9734023155380815
-1.5494010421939717 2.2687456269815414
-1.9628250355297094 1.6303094673412126
-1.990164188801058 2.019142583313406
3.8956840644013253 1.7630626819176896
4.006120364867703 1.986071684310613
-2.082307241385628 2.403311791410272
3.942198957809153 1.6002721048833255
6.641105639589606 -0.2720314823108326
-2.6188330156927586 2.225446504480976
-1.9132719515751229 2.3133974030261477
-2.0045254123410565 2.557103121181298
4.99126907070334 -0.5333828148572699
4.578247856864039 0.5184313802985887
-2.262842096057714 2.1507975290881993
-1.9938131806990098 1.1698844763673792
-2.2174622941155984 2.0011570320941794
5.619406743791422 -0.21764469959228286
5.963024158742612 -0.0643831657747048
4.038290174404782 2.176102239835422
4.146331785406079 1.9869023249711033
6.313965996319052 -0.10292779873334885
4.626827975991283 0.1508906490129222
5.286684445329582 -0.3040898125792125
4.154134610892669 1.9739120532433345
-2.437026799170976 2.641842587354162
3.931861531224414 1.7473654175829691
-2.7615666968633485 2.3282058558261918
6.274449363732595 -0.578767208240237
4.166530147892896 2.0654132418242046
5.731100782391575 -0.38960275663823285
3.9300435639776925 2.404694389953995
5.224285854165931 0.16023052160950976
6.448313000522779 -0.7133669731222416
4.284596699303221 2.079217316991312
4.634194954658036 2.037899927509583
6.6469183822285425 -1.5355107998064579
-1.6016656064559827 2.663194166812282
5.974697129225652 -0.17213231543394455
6.023178331104113 -0.9940290613931722
7.043323606472707 0.5966366347892993
4.013498451448162 2.0032676168225785
5.959055036805221 1.0280056329896199
6.134306137987746 0.19777378927664283
3.764474207503474 1.7719607398130077
6.456622635088196 0.07300500989569704
5.90539979030171 1.3540340983789256
-1.6197519786496233 1.6959827775664715
5.9764303090635025 -0.7008560986447184
5.9830906629968075 0.25699912231825056
5.929101572922858 -0.4081069223981102
3.8484258279149666 1.9899831811430355
-1.748315458374102 1.5213369840385034
5.777577598067728 -0.5673694773337749
-1.2798794815630585 1.9150243489019974
3.9001966724011634 2.0042702447687097
4.264871749999168 1.9655598414606235
6.110003519554561 1.0025658196733143
3.9687952218005424 2.209818637584002
6.25575523846686 0.4061448210181473
-2.496003585908191 1.9889527593609295
3.4445281709145132 2.23034679495616
4.010190855402258 1.6411541457020558
7.120535376255942 0.5436267949652311
6.492193078356853 0.8159691250076906
6.375138870616312 -0.9612345933640485
-2.137678658794276 1.8026864938844274
3.856011893571621 1.8212851195371618
3.979660545089026 2.0038558769026156
6.712817875411381 0.19016556715490976
-2.3058168691448646 1.7460569406428799
5.762862610407387 -0.6956523098399477
5.372847980311827 0.7266871738096204
3.9970284593290595 2.164281187404962
-2.093728296392748 2.7084670568640075
5.7784908972345335 -0.14362750654555584
3.9399042428829154 1.928994253788925
-1.6950993348855272 2.588232730286566
6.8799472293445065 0.5115311636767391
5.075521791333225 0.03795719652019903
-2.374483715367528 2.077552612653135
6.178942904523634 0.7958315380122182
-2.0271293901376035 2.125136471585575
6.368447622207648 0.553324002939916
-1.8119897375572633 1.4419026486165034
-1.9824910823647033 2.2819539128354123
3.86645594272812 2.0653925190808913
3.6995206861236576 1.6444666090532587
5.640807637846208 -0.6695381915762366
6.518661719315704 -0.44529901224386514
-1.8136588907928821 1.771744492147285
-2.021755080700919 1.7263544343717396
5.562573204723183 0.11793444043727094
5.921935827483778 0.056371937631341226
4.006617950227752 1.829167747837129
6.708827160772971 -0.3791422548031004
6.384078915658555 -0.9701736265865006
6.89295131627736 1.1375335056183498
4.505273648071199 2.3539842776393467
6.4630743307282 0.49410249237823883
5.3115188085533385 -0.26269202684666043
4.188183522915023 2.0810408160645775
-2.1605921876115195 2.2455457955615126
-2.8235128476925144 1.6868741962927036
6.559109024468582 0.2039789902807572
-0.8207417692917922 1.6636370698705791
3.982976879496119 1.887139793339568
5.769072114491235 0.0566109535902444
-1.5319611897258336 2.074089714286879
7.429886864918365 0.5666876921942483
4.101077387715469 2.0718498313026914
-1.7947311338778251 1.839089435614131
-1.979675364827526 2.8367058502332325
5.584770091329365 0.9218262325474786
-2.545790517294061 2.1276962994725057
-1.5540908718418196 1.9159808996855994
-2.2883265758855895 1.4895597828249976
6.1679547594259425 -0.058890233785774765
-2.163547001052223 2.350573049059846
5.483264588967178 1.1460389718594202
5.658412767917889 0.1619426129644568
4.045116332713761 2.2778290631355853
5.199444917158348 -0.8080305034785332
5.738907868967018 1.1095582370876051
4.019675581363095 2.076283250841834
4.041454149394724 2.0615465149358863
-2.2019451558974747 1.2151155095507202
6.492951427229878 0.003175587779616512
5.6742831143899695 0.24963002775685528
6.416263891614079 -0.09574406288776013
5.78760365324791 -0.8249707760508113
5.145563454610481 -0.29599193001731644
-2.6706194245582844 2.6732628366282345
-1.355794509147819 2.6579963768511887
6.296245066409513 -0.06966236342061992
5.959634634646211 -0.7910375217868405
4.063886366666306 1.972444157142846
4.152899490606707 1.9463254529581238
6.098357143471552 0.05779281355271809
3.9770449350458406 2.0617502483673227
-2.4307211442239347 2.456287469350473
-1.7281384668007922 1.2666873787632027
5.712206511595231 0.3722149790061075
-2.541680836489901 2.1876695763354217
3.7707999146985114 2.009413218931699
6.414923250642112 0.41684948619360357
3.8303358954389535 1.934866106235965
5.6231474642150525 -0.28861627107647264
5.875857794301617 0.5281073472484693
5.760330582442275 0.22203353270851126
3.599156856900217 2.0753753041701786
3.9653072205854243 1.8979940920488767
3.9853760708103607 1.740524068808652
-1.7901291915281095 1.9575233721149667
4.101447790221923 1.9767540599225701
-2.4138428105281977 3.189321074456634
3.8279475096084963 2.065660259000151
4.043435926527656 2.0156422362184303
-2.621193838538271 1.7588384472502272
3.728043854899237 1.9917198376884064
5.316118526743936 0.4709745127443
-1.5872503060478649 1.9743307095520153
3.843939118699692 2.054222559289343
5.639605465405327 0.9313459080291364
4.3549317121946665 1.9213693610491773
3.930750110470538 1.8410727357857002
3.635148668812434 2.0607207808924004
6.691398938869872 0.6477711552220926
-2.210371928146034 1.6118780151238696
3.9675563104846616 2.1538860356354608
-1.7450546078818043 2.06583700070047
6.70726774269579 -0.10795490148741055
-2.271727798758268 1.482700671534297
4.192111444891446 2.045168095720538
-1.9875070407685242 1.8085060042528485
6.006300012432492 1.0715222963435012
5.433378905505424 0.14286188869938726
-1.4081880504255624 1.8544441373824592
5.132079180261967 0.4801787696040165
5.440355453523374 -0.7578410094613652
6.791482125780945 -0.5294512911299512
6.471796777265386 -0.2798514580415658
4.790156023320144 -0.32367278002470085
6.029696988990055 0.2963020657685738
-2.071972904490669 1.6256191280522938
-1.8889552892090133 2.6866809023981637
4.095379673784445 2.029689916276016
-1.4972224404403143 1.296242914322105
3.9188116545623033 2.144873700973993
6.399829849219149 -0.27643187243313194
4.402812030983694 1.938646844794599
4.976237885624992 1.1704652371390738
6.896447443894564 -0.12309495825948052
5.1564222502392605 -0.3540345875217238
-2.254474012868595 2.2142141225471517
-1.99161768320239 2.474446238706835
-3.0969039616397103 2.501716051770626
3.797034818453112 1.8795336292834275
5.305586844485488 -0.18737535067541597
-1.9862540385317224 1.98340241111972
3.927680143843676 2.2129170272255703
3.772198361376607 1.7571197234081481
-1.9030011257950918 2.255603311651889
-1.9965721257568287 2.3990891089622424
5.292505241617388 0.7808568429988565
3.7154410182747313 2.3844649510888796
-1.9876206340865739 3.00440737528633
-2.7228978602524245 1.3821259087811322
5.758093831816092 0.7334670422294565
6.3630720504493 0.5373335913307944
-2.0464457381577685 1.526874320602971
-1.8119658335522033 1.9819915735917653
6.145270776591074 -0.5332321544121784
-1.6070096737683146 2.539881279386767
-2.5907823535474064 2.63669336116509
3.919740438973298 1.9366689409895785
-2.0541829873989843 1.334307809016536
-1.6512395315491233 2.1947769296749975
-2.6533574882442865 2.171991254503382
7.382350018610365 -0.6360094936329284
3.8124239537697098 2.0866215906302688
5.791252710404309 0.09380938146238803
-1.7194458757590279 2.400802256644128
-1.9295856843741654 1.9026452097669233
-2.0445537400778346 1.5272057735356297
5.306290540906852 0.468718861025996
-2.451945220496576 1.5508137222956613
4.045610665024814 2.0402959893408865
4.044492632801721 1.982324895360169
6.314334614300523 0.05305325222679685
-1.9109773244675594 2.0439878610899833
-1.5796191131751238 1.3738226287681012
-1.5706146885955556 2.244865138561104
3.832464391618411 1.881763379247114
4.946465649937369 0.2705606770835489
-2.017670595967079 1.5729802351176065
-2.4356369529490602 2.2146806415605895
-2.239397214235023 1.5696837099054728
-2.0734647269749304 1.9610951227800288
-2.296974217296052 2.0958577253434494
4.154538967420477 1.6676803417770873
4.316964105469804 2.129593558201978
6.557703066887717 0.34933475483875454
3.8122036854644428 2.203404198282649
4.050560701083831 1.9183970581920207
6.353927892440712 -0.21831528598247393
6.818719108861483 -0.41366951072996255
3.730317382448776 2.252996665971251
3.843526606619582 2.125023731286746
5.813468296980917 0.05844009976127004
-1.847798536841698 2.293301567765277
3.824167874232985 1.9537796784814008
-1.7691874189275005 0.8564425365402988
3.870563713630448 2.0944494300175696
6.988880959324535 0.09853665329240037
-1.9547384560719665 2.2426225733513885
-1.9406397098956645 1.1087454840189772
3.7156160256719124 2.399591215950001
4.274197801258224 1.8980313515723042
5.8664365914310075 -0.5478475308250778
5.608623840038988 -0.3127135873806665
3.740262655567382 2.2552150692012374
4.581495709715292 0.012200509023145949
-2.0826900786124964 2.3710781988373104
-1.6089471457315576 2.082881569116596
3.859015729498511 2.1359949688490203
3.8282055223111318 1.8202115687068927
-2.18143473808229 2.4272324857069485
5.389174874827582 -0.04671285356451045
6.413890898720873 0.781107737738999
4.253482330963731 2.099899646693732
5.938068688923865 0.2463591011630234
6.076147255622172 0.241193618066821
5.989787751683136 0.22749104133304907
-1.6285824955606183 1.8657545739518748
6.069088723884056 -0.22748853772795363
-2.281262325808102 1.8243232877065214
6.919667528615075 0.881615261940171
-2.9545294002060962 1.1725190283086757
4.0110342709560465 2.0597954912238037
-1.4286058623585633 1.6805656180342532
4.381012728112004 1.997044556068031
5.5954004036055744 0.01909833496461071
3.8401155200913806 2.0481575019483875
5.59318453106133 0.7787074743906592
4.007953346917299 1.6866010578276796
3.997770877631632 2.0022997799740123
6.546107344855555 0.19033092911478122
-2.23790179652097 1.9513982734485689
4.0845160744545765 2.109496114420933
-2.7488778433247782 1.9430438007622746
-1.4340151021267826 1.0610142592607559
5.87826189554 -0.06592966758558827
4.066106548646983 1.9709451085590461
3.820726055489564 1.6074535981718496
4.032132237963954 1.8094710094369224
-1.6054729518392965 1.1778898797629669
4.057824101055762 2.082574164089235
6.225855318693378 -0.6596404743505166
4.121631285520128 2.2229924645894803
6.058634980628914 0.34977220785197616
4.265002810577363 2.041066512755592
6.100004097223517 0.3810188621352638
-1.8196014444031454 1.9956542435601912
6.660170602932224 0.7788131833957327
-2.3430626915274244 1.3488768493598862
-2.1469524399556437 1.9963055529786737
3.710715787203334 1.9095299448861818
4.286670500576398 2.0836796022618387
5.854788102077868 0.9109567022134232
4.204358117117734 1.8894918653166541
5.8430127325734595 -0.10934687027396577
-2.2203762600678623 1.8743164988247325
5.764566601110218 -1.827685832879956
7.129890418233753 -0.8086554366854678
-2.980519184087709 1.7166573078769185
4.2023684865988375 1.8684097910477662
-1.8661185407202743 2.0198100242789065
-1.4832422386889932 1.5901173300626064
6.340374166711602 -0.1336050603090927
7.120534794089981 -0.5863667279258465
6.171806213335368 0.3653063006852704
6.677156438708741 0.2976005678063773
-2.0134352547363648 1.9468231470350337
-2.150205932159104 1.9909419032551081
-1.4327440197310328 1.9548229234693852
-2.36392288939079 1.5031442063903322
-2.4682696535383153 1.8579785944763638
-1.8170043106399034 2.540764035050378
6.3126389258716555 -0.34547278188783964
-1.9492679264439183 2.29577046063715
5.232186496077456 -0.3512587225666636
3.966048341219503 1.973173443446316
-1.8182467906238118 2.8715206080811484
-2.1524069834504287 2.9156431448095192
4.150389317535439 2.1125979437172258
5.423697371020111 -0.47587041762460297
-1.5573637118948693 1.9614732705962763
4.089639056884662 2.3392363145656323
-1.3687198669548906 2.151130124632391
5.920271653447827 -0.178674527641037
-2.237991434100252 2.0781703338441604
-1.395820095270341 1.6670288661656332
5.76921274611449 -0.26630165589311866
-2.1220433029505736 1.4072713450373926
-1.7558251474255417 2.322172502046646
-1.297424180469887 1.5768783938192579
-2.713013103417921 2.380004437972064
-1.8759500527966515 1.6812267264478518
-1.0310960933432378 2.210737208460316
4.499440078317401 1.5509356703257196
-2.3668740475114065 2.8105462958638405
4.038572791110077 1.7685965438368263
3.9901351859704857 2.047806720249353
-1.8976943224354335 2.726412296276102
4.043901911158609 2.078612586796018
6.279699855620418 -0.22214546442260574
-1.9921179740248018 2.1456315940741035
-2.808724076928028 1.6389860727211352
-1.794210658975635 2.4330537851664555
3.791374100392929 1.828584362265767
-1.7901694804024146 2.7716742239042196
4.100465648014956 1.8275466000493528
4.105788723683316 2.049229557736969
5.379454294929321 0.4089567109689762
-2.2691677036324185 1.3159823216635713
5.467328551421932 -1.1884778809343561
4.119381296249591 1.8025426613084696
4.223461063107333 1.8962199591150295
6.164709814634364 -0.5345490497973168
-2.0277844856560554 1.7989236858518205
4.329700802053636 1.6899971621283705
-2.2161089187822007 1.7645370754767973
5.824897582351283 -0.45689532708697395
5.608554850567788 -0.23457202511256064
4.1920095482299855 1.9167001835126616
5.66741422405722 -0.2823825948928748
4.24427699189184 1.961431634291207
3.7999339302092587 2.334797141402142
4.041969895584611 1.7518750800887544
4.209004675100538 2.1198079052752368
3.9446354010452223 2.2247810611228878
-2.716151543956114 2.00144999739942
6.385988679037757 -0.9423740451800716
-2.3776082312789963 2.4455546227456373
4.03185009367474 1.6082902089726923
6.419074289464402 0.002262533451761604
5.781183873364989 0.09402231316341837
4.278503689886854 2.2075171334101267
4.51888491755363 1.9191935412298124
-2.5851560744982525 1.638267318185816
-2.348432786219062 1.8787745996969418
5.735446420624445 -0.16821329711070546
-0.8969466264162158 1.904957307365816
5.57717983448626 0.5659564349816968
-2.614141203537095 1.990158541044914
-1.865578853003596 2.4097905525034866
3.988506096306921 1.9217565895651967
-1.3110804420370288 2.041601480961414
-1.6904533739713603 2.02243576996992
-2.6178691479279026 1.5195160950414022
4.135492433869282 2.0103640778964844
5.530422506503485 -0.06623357941613264
3.8161773110260113 2.0385507698130434
6.213819838304641 0.42394390091516887
5.553147106770936 -0.4958631231954086
4.468206110499553 0.39217115726421636
4.111192535941959 2.178494777466306
4.206087653483121 1.5905352773884076
6.0939039227792255 0.13930862172016545
4.073508979204454 2.038062311518788
4.102567291518551 1.9347363075683364
-1.9104547275176655 2.8949293633679263
4.342461044268659 1.84157699588697
6.272269147581411 -1.0978442466027187
3.909183927496879 2.0171903946868768
6.562045478121155 0.8473966236224658
5.417337257733309 0.18889032270949427
5.736486286918711 0.10880305753069276
-2.16250091063294 2.274033053744536
3.829482830565871 2.0045919511215904
-2.813664766924213 2.185100409303924
-2.696714445282069 2.239388587553236
-2.7421476384877095 2.629352941456491
4.054234036927462 1.839700622921125
5.323904514745954 -0.43840665171889487
3.92236916150355 1.988014399465782
6.568351180664249 -0.09300605585450052
6.119580118137879 -0.030362124576999536
6.907996849543923 0.33187923852455037
5.919779064198936 0.6466462835857576
5.839197977429172 0.48147383747783706
5.269236893044109 -0.18297818271265226
4.047829116130758 2.279579252217347
5.834597679263666 -0.4258367795081329
-1.3933838988088767 2.4084644590945543
5.726680497889594 0.010487495415034036
5.921367593075153 0.6798479277358331
6.525499656952398 -0.06906448109233602
-1.8890079701363993 2.2735966292328786
-2.0901590660022444 1.2286792477779516
-1.6134031132465112 1.6356680407819493
-1.9815129982352542 2.2670596638214575
-1.6172611924144529 1.6223941142303269
-1.9879677277964134 2.082552614111709
4.140822204428316 1.7008640967485968
3.9376047784167576 1.8319419209041388
-1.8712943628598468 2.440355283850719
3.8372808005810985 1.8956716980058763
3.6722385385755643 1.8533374384832668
6.565480871532237 -0.1605568477412086
3.683501104403648 2.448720378916528
5.83935987786362 -0.6768067988820041
-1.58905913408652 2.9950869499577717
5.814592218571726 -1.0056022837979859
4.13808580487661 2.159334421672934
4.197063501787973 2.15338393393224
3.761002638946268 1.8999180665391473
-1.798754560645326 1.7227454945044343
6.187840620990541 -0.5124574435810348
-2.210348454331658 1.6129309767839015
6.617361295556912 -0.04337220453600294
-1.995416516579567 2.9892333524017216
-1.455567443115363 1.367252852874045
3.7937035079369483 1.7140017482629104
3.8908576051964436 1.6230828310041105
3.919688491100131 1.9063047910640554
3.951732441709379 1.8243619314379853
5.40869355738951 -0.8831010044781521
-2.160178171871063 3.143104229341627
5.791529608500862 -0.3487610861161951
3.8935020161581866 2.1290110546919756
-2.0071006477044477 1.7787214513939125
3.874888592978149 2.1984273657037012
3.988929490395522 1.9472125302814625
6.237604027596987 -0.6558369052383034
3.8475770976155004 1.822443972672813
-2.384858205762889 2.5657488428730475
4.047973421179056 2.031791734825129
-1.65022536630442 1.8690313415271385
4.107319304113365 2.0809390911228602
5.516624095476379 -0.6709871545929793
4.404496657201955 0.3637917146156284
-1.8270544676549396 2.4543703346652714
5.399870791566261 -0.9268626580665669
5.694208690949008 -0.2628445809667118
-2.2351787373793153 2.4693399175908692
3.798633649540203 2.3363153432534656
5.88560790385116 -0.23690970842007017
4.047916551971278 1.9260397667392393
6.403376854207461 0.24447710174466625
3.958611057888542 1.8643809078427507
4.303751867392716 1.765767907709984
4.003758358354852 1.8812445104442665
4.0841836568351315 2.049320437252267
4.323610853800045 1.835118175734433
-1.9077110186456658 2.522690211601603
-2.275681582493721 1.6297272540675731
4.429914906973457 1.9819512300668498
5.53805035533281 0.32354951477509036
-1.914633824564002 2.766156568508806
4.172703931676263 1.8390492518724262
3.9791313017010617 1.802399611501253
6.5371561637339575 0.8249784398357939
4.646661462358686 -0.6135041061813621
5.721842415212343 0.2888888842640773
4.139876096717564 1.7877555425108183
5.693516917458676 -0.7083793104734473
-2.2161120657477165 2.421248397549364
-1.9691303476337028 1.8774757544847138
4.020981433017103 2.026782584523095
6.299214164945896 0.6287832935808316
-2.4458019187822173 1.548799135683594
5.462720063283795 0.2321414987155572
-2.1548884054103215 1.886280197581277
-1.374259714816728 1.261393126029637
-1.7931867928246747 2.126026037016956
6.135365192682662 0.2698272601391955
-2.2893286490088007 2.067551852152758
3.9197530580177635 1.8399835047830797
4.954586281314461 -0.7819456524673895
6.229639458007361 -0.020545368319172322
6.277878197591164 0.16745745863547204
-2.166573874031166 1.5683350733117352
4.069633847048362 2.132651617935835
4.019840972506301 2.3152597945255433
5.868275383001272 -0.6504219724031607
5.454742052424568 -0.2545905725867409
4.093677046855411 2.3471757995371427
-1.3693144627976395 2.0712952310534893
4.042993118125219 2.0194438464005837
-1.9914850532530124 1.963084631084532
-1.8007192488139674 2.0982786829084716
-2.3758367105861673 1.5739668150692647
6.459997908987051 0.21377569048337333
3.9165045300229933 1.780500669045951
-1.7755728687596306 1.6679306988914466
3.890100290739192 1.780285854488934
3.6108593833672082 1.8174433011729416
4.004212404268412 2.0198908914061424
5.689488574493758 -0.5872979156152619
3.898928336547118 1.8368416916012058
6.212854615867931 0.3701319326359673
5.583259284161181 -0.08978072419660245
4.186081699222223 1.964936719534596
-1.8061529892744614 1.9325487837200872
-2.153755143918146 2.010930911362001
3.621527621336532 1.9644373712593974
5.9859461369871285 0.6475168368674935
5.021880991820373 0.2776693533154645
6.106455685352252 -0.2410685617249571
-2.0128379914254872 1.8538713807126679
-2.3333900168918325 1.7262689824633273
6.266317939647255 0.2002045964245601
-2.1939933518798407 2.257738115085747
5.888967797394395 -0.48458909256981336
-2.211189831325598 2.3940630554507782
7.2979415695684136 0.8019167696618351
4.120541531285866 1.8810700460559189
3.941671602729631 1.6517954383282196
-1.9336545192570627 1.5601408052393588
3.9350130083359 1.8577387280514424
-1.9828426771572794 2.2307228855625794
-1.6034910063051655 2.4648451375339757
4.277052309344446 1.9393803493151855
3.8984964796685286 1.7896239794896651
5.556262202165212 0.9258087572440414
3.597623936151058 2.1179407211149446
6.521378092138077 0.16612314350767682
-1.523437735501115 1.5398460239326914
-1.601078807288173 1.8775407097918062
6.325987134832512 0.2634257746032255
3.679632790205493 1.822563811630992
6.027455110380868 -0.11231031001550015
-1.7778601606138111 2.2191568966911706
-2.1855222895720443 1.8184433674606395
7.361852774392565 -0.8726194047592588
4.216275206891638 1.8737248023101223
4.017506294184334 2.187749375136462
4.108154717060078 1.636384473923286
6.659795757532268 0.3931582384335587
5.382038830014614 -0.20996601875346285
6.271493455583788 0.05873768724757625
3.736456531371847 2.1082016439919613
-1.903141789562175 1.5471355152446524
-1.9361870123809455 2.825045912817055
4.192138679692132 2.2658125693079363
-2.403117092184872 2.246747658724091
-2.566904304532372 2.012879226884502
-1.7577516785257203 1.9358995621207837
3.8422661490981267 2.2189276749424183
5.701180529584617 1.1577192322901915
-1.7506425897529536 1.6984433460227166
-1.4240845907173902 1.6013150830815712
-2.447012618940411 2.9189324674221293
4.154832121963763 1.8451082062458348
-1.5033377191420323 2.1802388080694177
6.587242790463444 1.3445359195208746
5.33736999634293 0.03129904755658464
3.8365013804767547 1.719730541392138
3.770477811031373 1.9283771849040288
4.0551201347968115 2.287009877357831
3.5769887969624383 2.281073087744884
3.9875893748403333 2.251833425922163
4.144620098747559 2.0049224250495823
5.43333224644905 -0.24602981592152906
6.56582765239351 -1.6438063003137338
5.613828958300266 -1.334041891334656
5.642211576929695 -0.03154037776172777
5.105245444376637 0.26363502075872214
-2.4396029240308965 1.7346890348546529
-2.066944768505156 2.0432018922363966
-1.6358688664160768 1.4608582039140328
5.58959346135767 0.9957304777139232
3.779076680494706 1.9938127485452082
5.966320187730746 -0.0008310256410574355
-2.064209470433059 1.4475636108153163
-2.4527165860641764 1.6303025784785903
6.675981553263904 -0.647958905018054
4.044850444193137 1.6642623274342687
-2.0271631224765523 1.680031731444
5.21608388895881 0.9948784077709127
-1.2167167493471012 1.8679317252997802
-2.4494819582429157 1.6669384441672188
3.9488084661571463 1.9303907240714762
5.517954201495695 -0.4137298666501203
3.9268897820027924 2.1876185081811292
5.512112230773328 -1.0357695613990061
3.987672389565557 1.7134529020131783
4.1847593120627895 1.9734863970692564
-1.5256199409774847 2.4278751636517097
5.617537784668663 -0.2383630885972786
-1.2527265980474687 1.3625284329084617
3.840017275371867 1.9559848440359289
4.134114090062182 1.8584988604978847
5.719892672368342 -0.8501436678757557
3.9187393739109875 1.827191001779526
-1.7106254545973183 2.2647012181030717
3.7076534623477184 1.8633120466422637
-1.8249077140104257 2.52696847907922
6.086426142696527 0.8725641041777851
4.297871192414896 2.104260749655143
-1.9828468999192699 1.7394868370255565
5.367222921608992 0.4921487023948087
5.441906098485408 -0.10715345525239749
6.734922338516196 0.03891366380614571
3.8372411033537386 1.7101764778526138
3.9398432247047945 1.8678782812046015
6.168265023189778 -0.5958741665577484
-2.513855638641731 1.4100633333014545
-2.7372906315838064 1.2006251226440408
5.9725776236038595 0.13230459345430398
-1.9993380498895652 1.654982815458395
-2.4758631415106884 1.7498067356544647
3.868414781492641 2.1937765277126102
3.7258480034913877 2.1731305845631708
5.200673007243299 -1.181174813871612
6.1280880293461015 -0.7251441922399328
4.280268966258392 1.917923641268426
-1.9493491110920955 1.705004736732039
4.026314793581614 1.7188879905216221
6.124964986846116 0.5859834218902277
5.78794095074568 -0.9698845131906195
-2.0203009866620008 2.0356047757682907
4.009026803086402 2.4679249612040115
-2.4424031826855686 1.595755112855593
5.940928485344741 -0.39808697181726443
3.8934594416040893 2.2181499468869
4.073169757583372 2.259565053394717
-1.631962175966752 2.1071900864099176
6.51755760679707 -1.5933714557849596
6.657808107399479 -0.14052948080672192
6.117041818290828 -1.0689377134233549
7.03963271215148 0.41070066411551426
3.820519814619634 2.2624940734281993
4.259229973505577 2.123291862525231
-1.7302837823649664 1.8846573978396608
6.405876439416974 -0.2292053733466921
4.053804814635249 2.1049835727291764
5.264738688701899 0.5066177858409282
-2.193707860348607 2.517220722515206
4.265292328473139 1.807078715158747
4.253015567617753 2.0422994025463757
-1.6042745261389835 2.285941036949298
4.066115351254875 2.1898492947116472
-2.45529833784747 2.0382356616669686
4.0103149885539775 2.1734553257616858
6.570053050515353 -0.09081432497861873
-1.7988391294014447 2.0475739979602197
6.02220343314609 0.4607414446396222
4.318554150883497 1.9482854736646458
3.790895088586107 1.783028788107711
6.241404984706529 -0.4108860545641879
6.569652484155457 0.052530744831114536
-2.808855111965104 1.5214551778304268
6.005176739350546 0.3162025250727958
6.437454337306522 0.07738974645444639
4.894158269906011 -0.286784402424292
4.282234412777922 2.1571607653662346
4.086961591546231 2.108018892104961
6.211068066408815 0.22754132012135203
6.239427807384078 -1.6635556538559901
-2.7010993376825283 1.771834353605598
4.187225829662217 2.135676019768094
4.096223025277767 2.5518710228043164
-1.8243357754211198 2.7148388109938897
4.00206986291326 2.1440067518683303
-1.2855073143145845 1.7105340791950674
4.105809047666886 2.084525724341765
5.0697423929499115 0.25039129261910126
5.641610358620782 -0.1427530378416042
3.8085705053697967 1.7303151361756597
4.099610480936572 1.99476155253115
4.104652347737615 1.8924833262883876
5.727717575368799 0.24195872409794808
4.1741923564343235 1.824405876692826
3.9226258306298707 1.8979414520732742
3.992846385627956 2.47614907024395
7.206754008877882 -0.026757255873514216
4.187289145166223 1.9929809646260659
6.092968455418149 0.22689751176130413
-1.5404488655747766 2.318912872899692
-2.4857044247112476 1.948598501847419
3.881719466438378 2.2248838369020736
3.866457455885888 2.3363843480146276
-1.9526455383233259 1.9587532663548275
-1.5640650230999846 1.671339306998918
5.751828611544152 -0.44847288686445463
3.6623539944457137 1.9775068034880894
4.071900879914202 1.971086636613253
4.045478555024226 1.796652270278046
-1.9303990248591505 2.468705774968362
4.838232116492096 0.11326715807629713
4.039593457988993 2.216387043695453
5.698309979614477 1.4474722077262492
3.892945967093431 2.0050810416770033
5.92085481613202 0.2428570872242985
-2.4523903425569866 2.045633216000695
-1.9610375689255615 2.638664770659928
4.061666249191869 1.7243833065871845
3.7110119601853255 1.7578914011753297
5.23770900090856 0.5816380248948066
-1.5830487645648066 2.2511368462783996
-2.0726180913250007 2.8075019623512834
5.985404325360639 -0.4428185455234132
3.8134421916987122 2.248663876891031
-1.981967844553501 1.8525102872166124
-1.783808976746996 1.5643162712418028
5.603966207919551 0.10549137197761681
3.810502281018624 2.0488886911923263
-1.8474233348259064 1.7346655811220366
6.172142692802008 -1.392356565474445
-0.8802012735509923 2.7631862898563764
-1.8718442303895366 1.8607800832024874
5.618492352972671 0.4058599769678998
-1.3601109983183908 2.2053635135663536
4.781589319331103 1.2386957168155917
-2.1801569667560408 1.3374546821900797
-2.7754527128223456 2.808892724206657
3.8687072650056935 1.4330890989450595
4.265556539191596 1.9797437027565201
3.841895395633385 1.8185399756949345
4.046964305189746 2.4264306821140886
-2.2118341241822272 2.122758375288619
-2.2059382674302865 2.167314986673872
5.767603909555229 -0.18138165034520135
6.190296375775613 0.31202436874252065
-2.731844872022074 1.9393298970075408
6.552515294268491 0.1912365917658127
5.77491173000323 -0.7357177150698114
5.604868219916998 -0.3085403795639933
4.080525106226007 1.6448224000076341
5.933706356960443 -0.9964198871215579
3.9088349304401264 2.2852317504038533
-2.6672975109083192 1.4107645341510437
5.865444639449016 -0.18134983827304202
3.88215420269797 1.910306998759188
-1.9885764780170934 2.2746762939374356
5.020419284259303 -0.9406606345850723
-1.7003147842687079 0.8594504920620964
6.347112898637327 0.2097926741959044
-1.5461312209129534 2.237418822248442
4.333850161275394 2.0603978420715108
-1.1863406852394611 2.196487313583182
4.066007022902062 2.4451888663476518
5.449197138108572 0.15149797624612346
3.9155370351749457 2.0209428058866568
6.771590404248176 -0.9041990389285632
6.203342475129567 1.2126261368908784
4.743238157276313 0.07423314854010395
4.122385438546232 1.7317006548833915
-2.016084230096678 2.1512070841978965
-1.5949755907561673 2.811009003405746
4.056862903799589 2.0830801252342255
3.848907454726873 1.759759696196522
5.357548427093675 0.6326710361586819
3.9933361434309695 1.6938393005201013
3.828690138353158 1.6916825200656425
3.793471379621574 1.9126503325083986
4.1128017070147616 1.7430895404014946
4.46415996785606 2.023418174431088
3.886712029253556 1.9384617445265997
3.7106844219928212 1.6834628716394422
-1.2074302426610615 2.339343048645309
4.106840234169154 2.0635770194476364
-1.6319100767353374 1.8744885762035421
3.9663571554465853 2.075582020347695
-0.7937431216539497 1.9096361687019505
-1.114956212629367 1.911694715775406
3.9304076288158307 1.7293222283704572
4.938876929593782 0.21328907564626143
4.162534808421809 2.117451875879965
-2.2939781158675503 2.0353313113283793
5.717980270379475 -0.13003888234532318
-1.6258920239068542 2.219587707198352
5.541513645656134 -0.8626748842809471
-2.1076834660140547 1.8889428989950616
5.5682373668689245 -0.48779579313244636
-2.325767916826371 1.4961672948437954
4.070563321298875 1.9694451152909183
-1.6531233678177786 2.109425696931121
4.981136508340647 0.232368285237038
-2.9711308537825656 2.5933479581408765
5.948441539817033 0.11657576282746299
-2.355095981115493 2.000561805104819
-1.9130539010448366 2.583803940091801
-2.0472408654585292 2.6153367421070715
3.9882826897732278 1.9364913812139601
-2.6793477227307347 1.8751738737156005
4.081283098735241 1.961364659690032
4.146070358075404 2.220915694714295
3.971284097656736 1.9235949102099232
-3.260991259276271 1.4652090102876412
-2.2299167815545182 2.3486277435802227
4.036785098868062 1.9229020479248784
3.8607346692277833 1.9419205798392267
6.911996916459463 1.0317535844497168
5.296125956931504 1.1661727113895755
3.671406941293878 1.9187856407480337
4.364383019572081 1.9848699058823154
-1.9043358291031085 2.69616417364588
5.5646415729218495 -0.8300183732370332
7.617734431538148 -0.04435479976824908
4.207819288075679 2.095819044819646
-2.744904817239355 2.06914000736705
3.955504597951416 1.8282160184384657
6.46395178644156 -0.7103283841159906
-1.2413934638033135 1.2583792071352191
4.151148057778909 1.892173472649402
-2.499264899136265 1.7536168546942557
-1.3317834805850206 1.0442494918794982
6.222495000768661 0.08523708311234139
6.48871189349272 0.03535535350897798
6.345954489968965 -0.12497925334679692
6.514754354575402 0.684661119994544
4.041338102341601 2.1062085013956118
-2.778624227697539 2.2649340830633777
5.511981444477478 -0.8798545966815083
5.248322783970044 0.466494213499146
3.9603202206359907 2.0188384600620295
4.280909102987942 2.0292881540956498
6.514098367141615 -0.3906153559800881
4.064973923159237 2.199423596158352
-1.3900507838325118 1.8208333420624663
-2.5636670036764935 1.7361559886549904
6.896690726694821 -1.2419910150081195
-1.9253614148059082 2.598113577235499
5.990590733038467 0.09655690097893378
4.143996746028633 1.779418757408926
-1.8914582161014715 2.507502633557511
3.9447134309968326 1.948084603633192
6.279397463838276 -0.9217462117663342
5.5872974333827905 -0.7284464418564723
-1.719866386862751 1.7159636262139144
4.321704431189745 1.8876842500793558
6.68364041072598 -0.7408954922121915
-2.1494460248069713 1.67535591699271
3.915067339513427 1.8340070804924076
6.0399103334299005 0.18148313864386884
4.088206581454631 2.035758573146636
5.718681487219922 -1.3208647713003348
5.452306664733505 0.6702097728575117
5.814531333136975 -0.14007999692621562
5.5876205777060015 -0.07048472785086689
4.369918249335927 1.9571666687599831
5.477521710490871 -0.34730979885864927
-1.99404210454961 1.9451247825798752
3.829654160549282 2.364544720025592
6.4628435692061075 0.6176632972696603
4.150798293395696 2.213063098419599
-1.969617414271554 2.3499218620563105
4.229052434603845 2.0692988884013523
3.7546756681206768 2.193489230010047
3.8393717225316744 1.9071324617129017
4.011978936623255 1.957495391045938
3.8443632957087757 2.347354991395342
5.455620981370055 0.03116723747768337
5.0316612914652294 -0.12764416812838122
-2.192915929513623 1.712971749586887
4.261733750470436 1.9948402883491025
4.050199623201665 2.2109515850360566
4.151079139132667 2.173481482270984
5.596523731334429 -0.21573189692432476
-2.5101167715373065 2.448541839268917
3.9007795332034876 1.9850390034639318
6.620645931888911 -0.5977275842226397
-1.9321318071503328 1.8850381462155037
-1.5057634066703693 1.9379723696317577
-1.6853887308265878 1.8655581797435288
4.146484801950975 1.9249555198478654
7.153765215888231 0.8883088748606546
4.164911443912847 2.1062356733071392
-2.7287119923038943 1.7700317913889505
-2.3909881460896787 2.295375837886686
-1.6761493232582008 1.8882113119827328
-1.792642552534435 1.8195562289466196
5.933675605660516 0.6121036270294798
-1.6540532100202363 1.8104025857038937
4.20313305630842 2.1402082682330192
5.426432999704334 -0.20758906541963185
-2.069766113653247 2.0297271178039216
4.087109231859131 1.8801551445080562
3.84925910676388 2.0275379651806693
4.193353602233292 2.1016135818782957
4.0024463967277635 2.313851922907181
3.7037508075605405 1.7454883729935367
3.850061931059421 2.0065617495227426
6.170567802484329 1.0456012683933786
4.032311853447633 2.312680949005786
4.194507157828507 2.4267736494409076
4.3157730388832976 1.8408998899893418
3.9269889566907485 1.6417344903917632
-1.9859296038375938 1.95854954838862
4.094086628969296 2.0622894143108312
-2.4152704917485726 1.3468976758140387
-2.1269881445106957 1.4788085666671869
-1.955599645782892 2.0887314748388155
-1.9612204209289459 2.9859041059579283
-1.7441934864840754 1.8502347058165056
-1.7569446381197777 3.0307101817387423
4.187279708710492 1.8948718813796122
-2.3585488878378356 2.6966300606204325
5.869830258038011 0.2672359505368784
3.841542667638771 1.8936788183977091
3.8487012942238503 2.060302811479353
-1.0229757728068254 2.2979334300498677
-1.6390767175667678 1.1690606082508972
-1.8864508558769655 1.824140901763544
-1.8563967199611728 2.138269151227516
3.9097393925794948 2.053137594993247
-2.2911740868722417 2.0770595953184956
3.483440673406011 1.769209927269598
-2.415760407114501 2.635468264234384
3.98506640434977 2.0517432880459494
-2.37613523036673 1.5760578850070979
5.050236961598951 0.3662276274643231
5.300910095529986 0.5404958921725123
-2.722132338437444 2.656421637354197
5.1912447464225275 -0.4569440329539354
-1.969564596469886 1.791640210650927
5.813068480723576 0.03369920533784726
7.1735473849504165 0.23405599361275586
6.085171897992468 -0.19159705028705712
-1.1599925832507678 2.3408607485276316
-2.3859661803711023 2.060954598435491
4.014917281308711 1.784580186119201
4.469329406105312 1.7441677785943484
4.121422334383209 1.7903659186349055
4.326319485506454 2.0755518339461436
-2.437581300208624 2.605799482950035
